1
  336
  337
  338
  340
  341
  344
    600
  346
  347
  348
  349
  350
  352
  354
  356
  357
  359
  363
  364
  365
  366
  370
  371
  374
  375
  377
  378
  379
  380
  381
  382
  384
  385
  387
  388
  390
  391
  393
  394
  395
  396
  397
  399
  400
  401
  402
  403
  404
  405
  406
  407
  408
  409
  410
  412
  413
  414
  415
  416
  418
  419
  420
  421
  422
  423
  425
  426
  427
  428
  429
  430
  431
  432
  434
  435
  438
  439
  441
  442
  443
  445
  446
  447
  449
  450
  451
  452
  453
  455
  458
  460
  463
  472
  475
  479
  483
    656
      1198
      1529
    944
  489
  491
  495
  499
  510
  522
  530
  531
  532
  534
  536
  537
  538
  540
  541
  542
  543
  544
  545
  546
  548
  549
  550
  551
  553
  554
  555
  557
  558
  559
  560
  561
  563
  564
  565
  566
  567
  569
  570
  571
  572
  573
  574
  575
  578
  583
  584
  585
  586
  587
  588
  590
  591
  592
  593
  594
  595
  596
  597
  598
  599
  601
  603
  638
  654
  665
  666
  667
  672
  683
  686
  691
  694
  712
  713
  714
  715
  716
  718
  719
  720
  721
  722
  723
  724
  725
  727
  728
  729
  730
  731
  732
  733
  734
  736
  737
  738
  739
  741
  742
  743
  744
  745
  746
  748
  749
  750
  751
  752
  753
  754
  755
  756
  757
  758
  759
  760
  761
  762
  763
  765
  766
  767
  769
  772
  773
  774
  775
  776
  777
  778
  780
  781
  782
  783
  784
  785
  786
  787
  788
  789
  790
  791
  792
  793
  794
  795
  797
  798
  799
  800
  801
  802
  803
  804
  805
  806
  807
  808
  809
  811
  812
  813
  814
  815
  816
  818
  819
  820
  821
  822
  823
  824
  825
  826
  827
  828
  829
  830
  831
  832
  833
  834
  838
  839
  840
  841
  842
  843
  844
  845
  846
  847
  848
  849
  850
  851
  852
  853
  854
  855
  857
  858
  859
  860
  861
  863
  865
  866
  867
  868
  869
  871
  872
  873
  877
  878
  880
  882
  883
  884
  885
  886
  887
  888
  889
  890
  891
  892
  893
  894
  895
  897
  899
  901
  904
  907
  911
  914
  916
  917
  920
  921
    981
      1028
      1043
      1044
      1052
      93658
  922
  923
  924
  925
  929
  930
  931
  932
  934
  935
  938
  941
  952
  953
  956
  959
  961
  962
  963
  965
  968
  970
  978
  979
  1006
    1012
    1034
      1036
  1015
  1039
  1057
  1058
  1059
  1065
  1071
  1072
  1073
  1085
  1089
  1091
  1092
  1093
  1094
  1095
  1096
  1102
  1126
  1131
  1132
  1136
  1137
  1140
  1146
  1157
  1169
  1174
  1203
  1206
  1208
  1215
  1219
  1223
  1228
  1229
  1230
  1265
  1270
  1314
  1328
  1338
  1345
  1398
  1415
  1421
  1426
  1438
  1439
  1440
  1442
  1443
  1445
  1447
  1448
  1449
  1450
  1451
  1452
  1453
  1454
  1455
  1456
  1457
  1458
  1461
  1462
  1467
  1468
  1469
  1470
  1471
  1472
  1474
  1475
  1476
  1477
  1478
  1481
  1483
  1492
  1494
  1495
  1496
  1513
  1514
  1515
  1526
  1532
  1536
  1537
  1538
  1543
  1544
  1545
  1546
  1558
  1578
  1584
  1586
  1615
  1623
  1624
  1627
  1628
  1629
  1723
  1906
  1971
  2096
  2098
  2099
  2121
  2526
  2628
  2631
  2632
  2633
  2634
  2635
  2637
  2638
  2657
  2658
  2664
  2671
  2672
  2675
  2676
  2702
  2703
  2704
  2705
  2706
  2707
  2708
  2709
  2710
  2712
  2713
  2716
  2717
  2719
  2720
  2721
  2722
  2723
  2724
  2725
  2726
  2727
  2728
  2729
  2730
  2731
  2732
  2733
  2734
  2736
  2737
  2742
  2743
  2986
  2996
  3003
  3004
  3036
  3148
  3153
  3154
  3155
  3810
  4950
  6412
  6413
  6414
  6416
  7163
  7165
  7173
  7233
  7249
  7279
  7344
  7520
  7773
  8977
  9107
  9108
  9122
  9124
  9136
  9294
  9304
  9305
  9307
  9339
  9343
  9432
  9440
  9761
  9837
  9944
  9969
  9995
  10117
  10610
  10613
  10622
  11140
  11141
  11912
  11924
  12154
    12156
      12157
        12164
          15237
    87304
      87305
        87312
          9971
            9991
              9992
    5066
      5067
        5074
  12165
  12173
  12176
  12589
  12656
  12659
  12660
  12667
  12799
  13620
  13621
  13624
  13627
  13635
  13636
  13637
  13638
  13640
  13641
  13642
  13643
  13645
  13648
  13649
  13653
  13657
  13661
  13663
  13664
  13665
  13666
  13942
  13993
  13994
  13995
  13996
  13997
  13998
  14000
  14001
  14002
  14003
  14004
  14017
  14026
  14027
  14028
  14029
  14030
  14031
  14032
  14034
  14035
  14036
  14037
  14052
  14055
  14057
  14058
  14060
  14062
  14446
  14527
  14538
  14665
  15245
  16628
  16629
  16892
  16893
  19938
  20567
  20939
  21334
  21551
  21552
  21553
  21558
  24093
  24094
  24179
  24180
  24181
  24204
  24211
  24314
  24356
  25200
  25207
  27872
  28177
  29984
  29985
  29986
  31112
  33961
  36786
  36936
  36999
  37020
  37073
  37570
  38996
  39058
  39499
  39712
  41002
  41826
  41827
  41829
  47844
  48418
  48475
  48477
  50559
  50560
  50561
  55345
  55603
  56777
  56803
  56815
  57445
  58188
  61279
  68993
  68996
    69006
    69007
  69001
  69005
  72288
  75317
  78294
  79171
    5115
    5117
    79179
    79180
    79181
    79185
    80761
    80964
    97213
  79175
  79177
  79210
  79301
  80762
  80763
  80765
  80824
  80825
  80826
  80829
  81488
  81489
  82466
  82597
  82598
  87134
    4963
    4964
      5024
        5025
    87140
    87141
    87143
    87149
    87535
  87139
  87146
  87147
  87275
  87283
  87292
  87302
  87323
  87324
  87328
  87329
  87330
  91225
  93320
  93534
  93927
    1116
    7343
    7345
    9727
    9903
    93933
    93934
    93935
    93955
    93957
    93959
    93960
    98700
  93929
  94201
  94202
  94203
  98309
  98310
  98323
  98324
